1.815999999999999837e+00 1.693000000000000060e+00
1.621999999999999886e+00 1.639999999999999902e+00
8.990000000000000213e-01 8.640000000000001013e-01
8.459999999999999742e-01 8.809999999999998943e-01
1.092999999999999972e+00 1.092999999999999972e+00
8.459999999999999742e-01 5.290000000000000258e-01
8.109999999999999432e-01 8.809999999999998943e-01
8.109999999999999432e-01 4.050000000000000266e-01
8.640000000000001013e-01 8.809999999999998943e-01
8.809999999999998943e-01 8.809999999999998943e-01
7.399999999999999911e-01 8.640000000000001013e-01
8.809999999999998943e-01 8.809999999999998943e-01
1.993000000000000105e+00 1.992999999999999883e+00
6.169999999999999929e-01 8.990000000000003544e-01
8.809999999999998943e-01 8.109999999999999432e-01
8.990000000000000213e-01 8.640000000000001013e-01
