1.815999999999999837e+00 1.148705939199551995e+00
1.621999999999999886e+00 1.108106346563270339e+00
8.990000000000000213e-01 1.039876432349334134e+00
8.459999999999999742e-01 1.060896253624900698e+00
1.092999999999999972e+00 1.098016119754527065e+00
8.459999999999999742e-01 7.760899409725476872e-01
8.109999999999999432e-01 1.060280662291452902e+00
8.109999999999999432e-01 6.220070565522379802e-01
8.640000000000001013e-01 9.424110798209230921e-01
8.809999999999998943e-01 9.864442213922031133e-01
7.399999999999999911e-01 1.093811867424541173e+00
8.809999999999998943e-01 1.065149193164207198e+00
1.993000000000000105e+00 1.351444890075261807e+00
6.169999999999999929e-01 1.035665428159048274e+00
8.809999999999998943e-01 8.261039367739591022e-01
8.990000000000000213e-01 1.132197355171717934e+00
