1.815999999999999837e+00 1.336600000000000010e+00
1.621999999999999886e+00 1.082600000000000007e+00
8.990000000000000213e-01 1.085999999999999854e+00
8.459999999999999742e-01 9.631999999999999451e-01
1.092999999999999972e+00 1.082400000000000029e+00
8.459999999999999742e-01 6.420000000000000151e-01
8.109999999999999432e-01 8.108000000000000762e-01
8.109999999999999432e-01 8.708000000000000185e-01
8.640000000000001013e-01 8.743999999999999551e-01
8.809999999999998943e-01 8.602000000000000757e-01
7.399999999999999911e-01 8.214000000000000190e-01
8.809999999999998943e-01 9.631999999999999451e-01
1.993000000000000105e+00 1.036599999999999966e+00
6.169999999999999929e-01 8.107999999999998542e-01
8.809999999999998943e-01 8.602000000000000757e-01
8.990000000000000213e-01 8.780000000000001137e-01
