1.815999999999999837e+00 1.083246550945880404e+00
1.621999999999999886e+00 1.037557277612158213e+00
8.990000000000000213e-01 9.962616637412449183e-01
8.459999999999999742e-01 1.007531229530551853e+00
1.092999999999999972e+00 1.075363146513641288e+00
8.459999999999999742e-01 8.628527936594716508e-01
8.109999999999999432e-01 1.002487460932220520e+00
8.109999999999999432e-01 7.000931052635288587e-01
8.640000000000001013e-01 8.851156837714848624e-01
8.809999999999998943e-01 9.313189824676367801e-01
7.399999999999999911e-01 1.044999446590728631e+00
8.809999999999998943e-01 1.012058105584155099e+00
1.993000000000000105e+00 1.216793719737827795e+00
6.169999999999999929e-01 9.867880476856292216e-01
8.809999999999998943e-01 7.761226234245834910e-01
8.990000000000000213e-01 1.081511003387930714e+00
