1.815999999999999837e+00 1.236397473184421614e+00
1.621999999999999886e+00 1.057903048935011192e+00
8.990000000000000213e-01 1.082272694010889325e+00
8.459999999999999742e-01 1.030773846789355908e+00
1.092999999999999972e+00 1.367103948229477339e+00
8.459999999999999742e-01 6.766530766307159439e-01
8.109999999999999432e-01 1.028117706843170609e+00
8.109999999999999432e-01 5.352404272762383286e-01
8.640000000000001013e-01 9.103511713812526551e-01
8.809999999999998943e-01 1.054770158851787265e+00
7.399999999999999911e-01 1.171357883348114193e+00
8.809999999999998943e-01 1.123265264453249479e+00
1.993000000000000105e+00 1.501274704621605061e+00
6.169999999999999929e-01 1.085055469364423431e+00
8.809999999999998943e-01 9.023442722090324608e-01
8.990000000000000213e-01 1.177584510974797993e+00
