1.815999999999999837e+00 1.222795458683474834e+00
1.621999999999999886e+00 1.145516935837824324e+00
8.990000000000000213e-01 1.087406727494844016e+00
8.459999999999999742e-01 1.128247315205492818e+00
1.092999999999999972e+00 1.149698276351502901e+00
8.459999999999999742e-01 6.681522136637214615e-01
8.109999999999999432e-01 1.118861018357969694e+00
8.109999999999999432e-01 5.332868175452287751e-01
8.640000000000001013e-01 9.144963449521248400e-01
8.809999999999998943e-01 1.055018899835784563e+00
7.399999999999999911e-01 1.167061861579886006e+00
8.809999999999998943e-01 1.127482088099439839e+00
1.993000000000000105e+00 1.492041400660731210e+00
6.169999999999999929e-01 1.084058593634058987e+00
8.809999999999998943e-01 8.915758336246262239e-01
8.990000000000000213e-01 1.171740107874103209e+00
