1.815999999999999837e+00 9.570871188518064177e-01
1.621999999999999886e+00 1.400903371908207351e+00
8.990000000000000213e-01 9.570871188518064177e-01
8.459999999999999742e-01 9.570871188518064177e-01
1.092999999999999972e+00 9.523199005684631624e-01
8.459999999999999742e-01 9.502774234945305931e-01
8.109999999999999432e-01 9.552401146958575673e-01
8.109999999999999432e-01 9.570871188518064177e-01
8.640000000000001013e-01 9.570871188518064177e-01
8.809999999999998943e-01 9.570708751450055507e-01
7.399999999999999911e-01 9.557857620095370210e-01
8.809999999999998943e-01 9.570871188518064177e-01
1.993000000000000105e+00 9.570906961496405962e-01
6.169999999999999929e-01 9.570871188518064177e-01
8.809999999999998943e-01 9.570269868663374702e-01
8.990000000000000213e-01 9.570871188518064177e-01
